// Jogos gerados por Como Jogar Nas Loterias
// Nome do Fechamento: MILIONARIA C1

// CODE C1428 ID 305
// 03 36 09 43 29 41 17 50 22 34 23 04 05 32 

03 04 09 17 29 32 
03 05 09 29 34 50 
03 09 17 23 32 41 
03 05 09 34 41 50 
03 05 09 23 34 50 
03 04 05 09 34 50 
03 17 23 29 34 43 
03 04 05 22 29 43 
03 04 17 34 41 43 
03 05 22 23 41 43 
03 22 23 29 32 50 
03 04 22 32 41 50 
04 09 22 29 36 50 
09 23 29 32 34 36 
09 22 23 36 41 50 
04 09 32 34 36 41 
17 22 29 32 36 43 
05 23 29 36 43 50 
17 22 32 36 41 43 
04 05 36 41 43 50 
17 22 23 32 36 43 
04 17 22 32 36 43 
04 05 17 29 34 36 
05 17 23 34 36 41 
05 09 17 22 23 29 
04 05 09 17 22 41 
04 29 32 34 43 50 
23 32 34 41 43 50 


// Este conteudo foi registrado em: 05/12/2023, 12:54:37

// Jogos gerados por Como Jogar Nas Loterias
// Nome do Fechamento: MILIONARIA C2

// CODE C1428 ID 305
// 48 26 13 10 25 47 02 20 39 40 18 33 12 44 

02 13 25 33 44 48 
12 13 20 25 40 48 
02 13 18 44 47 48 
12 13 20 40 47 48 
12 13 18 20 40 48 
12 13 20 33 40 48 
02 10 18 25 40 48 
10 12 25 33 39 48 
02 10 33 40 47 48 
10 12 18 39 47 48 
18 20 25 39 44 48 
20 33 39 44 47 48 
13 20 25 26 33 39 
13 18 25 26 40 44 
13 18 20 26 39 47 
13 26 33 40 44 47 
02 10 25 26 39 44 
10 12 18 20 25 26 
02 10 26 39 44 47 
10 12 20 26 33 47 
02 10 18 26 39 44 
02 10 26 33 39 44 
02 12 25 26 33 40 
02 12 18 26 40 47 
02 12 13 18 25 39 
02 12 13 33 39 47 
10 20 25 33 40 44 
10 18 20 40 44 47 


// Este conteudo foi registrado em: 05/12/2023, 12:54:39

